3.54066615479
3.72005580464
3.60991581851
3.50713875698
3.59391367942
3.59899761911
3.56644480757
3.79537918455
3.836123927
3.30910796735
3.13134141904
3.01952912826
3.19576185063
3.50757003539
3.36392635917
3.27722476083
3.4455941114
3.72453874994
3.68123947633
3.23291901232
2.97382130773
2.94495151705
3.07411350582
3.13267554216
2.78613518167
2.77108889504
3.07386082376
3.33137560527
3.49621528721
3.40691149158
3.33051252221
3.14215713437
3.02095376085
3.17534199085
3.21471436137
3.20280233704
3.33925621126
3.40691149158
3.53421214139
3.47013520344
3.57035888392
3.63789689126
3.70516813307
3.79051647169
3.68436522513
3.65825854495
3.63607871925