2.75065448281
2.76634580764
2.57488960878
2.61442176014
2.98722527941
2.91316718936
2.88831121284
2.85151805124
2.62806529819
2.73634744529
2.90000156545
2.57185265079
2.49705578111
2.97477039611
3.05039111757
2.81109945339
2.70473695385
2.62983446448
2.49415870841
2.51039117438
2.58917867955
2.50401062818
2.57185967358
2.87094480023
3.033513611
2.86743068034
2.9507190181
3.07944227247
2.9697472305
3.24813545724
3.08053242617
2.6914536213
2.73524539307
2.86701824448
2.89091853284
2.81109945339
2.91014041584
2.90403688049
2.82716363028
2.97486007723
3.14009464851
3.12514312567
2.91100552459
2.63105618038
2.71819052117
2.9798466265
2.97291345177
2.97131528277
2.95954067283
2.94163612485
2.89091853284
2.7502584406
2.72684560656
2.76041287731
2.94677574558
3.12031926471
3.08095564455
3.23168775837
3.49798406498